a: some text
b: 42
c: -43_348
f: 6.283185
g: -2.71828182
g2: -2.718_281_82
h: 3e14
i: -3e-14
j: 0xFFFF
k: 0xAAAA_FFFF
l: _@*&^%